int[1024] testr = {1523631774,-395194445,1816246233,1836924099
,-254030128,-1493282214,1308427690,-635988103
,-876573369,-178023372,-1534846896,-145547759
,680774582,-465814016,1864084784,-979690353
,1836888927,380919622,211643539,-87598116
,-1549667596,-1638664565,1227783341,-1236528898
,1107909511,1961868203,1839003544,-1710243136
,1064978883,2139113010,-278952053,1413564608
,-785181579,-1543405516,-1659325336,-721349782
,1932625878,-1631738529,-518057965,900887107
,-1336130228,-1779052657,232807086,-1683921045
,-979575844,-1315022089,-1436621774,-1564375260
,1252516935,-60822986,378387676,-92506941
,1026842450,1344231681,873543721,-375513714
,-887948145,-1103016967,-570775653,-1918505228
,368441598,825856052,155779855,-224142170
,767257618,1874087773,-604510628,-638891122
,1815493234,-191538679,910753317,-2137589627
,1000579389,442202611,-1272969124,348601564
,1697625971,1491417544,-650736204,1410494069
,125000466,905452359,-395035297,810088843
,-2049113845,-1757446413,409355708,-61053208
,-1763840691,-256325962,277062837,-1688282471
,527903061,-877481892,-1993036238,1517427163
,-736893692,-1098043312,305278697,-1459097038
,853386843,1206980050,-212734373,-461691362
,1888306776,171250876,574236517,53031891
,186535294,1889775219,497188830,-188177696
,-2120033160,-467562025,-62537922,-1869061267
,-1752740477,287840899,298428237,704902425
,-655952918,-1263585651,-1905723477,1549209681
,-1575383329,1481546754,-283571772,634240506
,-919789340,1205473211,-278386700,117995612
,1979939756,-672702872,1186163234,-1007000990
,-47309791,1423865257,-1780402077,-440241567
,377658831,-948934060,543667186,-980916933
,-2066327510,-81041398,975211604,-1385061170
,-1558679882,1259579982,1110037714,609152482
,1964019741,238502391,653053427,-150890624
,68187251,-455674181,1862233440,-305754615
,1272426892,2012621058,1189850100,2060426163
,-946261442,-935620073,901969749,1426876247
,-1405205082,-518339483,-1408726504,-1991416705
,711973328,1354178816,2111899505,-411682809
,233246257,-1422862586,-2093846966,1106979501
,322892537,-48481098,426577917,200171761
,1581407903,-291727421,641020693,-1412697515
,185830294,1519654331,1637886829,2035229291
,-1084382593,-824547213,-1589346286,-640023505
,-1935434032,1360644907,103025337,499729033
,474615730,1813092038,-510948828,1781937306
,1282500461,-185847813,-1151983402,-927133105
,-327260798,-1956874293,1948374514,-233821970
,986738540,-664665928,1798468646,1324912216
,1012169981,2005036352,1140264035,1814429666
,-1609663430,1324341483,61514990,-1070916197
,-944799606,454914597,-254143893,-530418484
,-1487130891,-2091315161,-457097880,-1787021925
,593053396,343399493,1715082638,1424803040
,212778187,-1471087249,-1862204474,1482491524
,-185521718,1102314839,-1958353280,1443455053
,516249922,2139632588,-782619662,-49162132
,-576828640,933472514,647559439,-455106971
,-1993524641,1062635207,1713505606,-589572576};
